MATLABで能代（日本）から地球の中心までの距離

>> a = 6378137

a =

     6378137

>> b = 6356752.314245

b =

   6.3568e+06

>> e = 1 - (b^2 / a^2)

e =

    0.0067

>> vpa(e)
 
ans =
 
0.0066943799901976186461638462787959724664688110351562
 
>> s = 40.211944

s =

   40.2119

>> 40.211944

ans =

   40.2119

>>  N = a / sqrt(1 - e * sin(s))

N =

   6.3907e+06

>> h = 37.4682 + 7.4

h =

   44.8682

>> x = (N + h)*cos(s)

x =

  -5.1686e+06

>> y = (N *(1 - e) + h)*sin(s)

y =

   3.7335e+06

>> r = sqrt(x^2 + y^2)

r =

   6.3760e+06

>> vpa(r)
 
ans =
 
6376008.910957410000264644622802734375